Table 4.2: Specific heat

 

 

 

 

 

 

 

 

 

T Species
K H; H 0 O OH HO CO CO; N
kJ/mol K
300 28.5 20.7 30.0 21.7 22.6 32.8 29.0 39.3 29.0
1000 30.7 20.7 34.0 21.0 30.7 41.0 33.0 52.6 32.7
2000 33.9 20.7 38.1 20.7 34.6 509 36.3 60.6 36.0
3000 36.7 20.7 40.0 21.0 36.7 56.1 37.3 624 37.1
4000 38.5 20.7 41.1 21.2 379 586 375 621 374
Table 4.3: Sensible एंथलपी
T H2 H 0) 0) OH HO CO COs No
K kJ/mol
300 84 6.2 88 6.7 10.2 9.8 8.6 10.0 8.5
1000 29.1 20.8 314 216 29.7 36.0 352 428 30.1
2000 615 416 67.7 424 625 82.8 64.8 103.5 64.6
3000 96.8 62.4 106.8 63.2 98.3 136.5 102.1 162.5 101.3
4000 134.5 85.2 1474 84.4 135.6 194.1 139.6 224.8 138.5
Table 4.4: Entropy
T H2 H 0) oO OH H>O CO COq No
K kJ/mol K
300 130.6 114.7 205.2 161.0 187.1 188.7 197.9 214.5 195.6
1000 166.2 139.8 243.6 186.7 219.7 232.8 234.8 269.3 228.1
2000 188.4 154.0 268.7 202.2 242.3 264.8 258.9 308.9 252.0
3000 202.6 162.6 284.6 209.7 256.8 286.6 273.7 334.0 266.6
4000 213.6 168.6 296.1 215.7 267.5 303.0 284.6 351.9 2775

 

29
